128 128
44 72 30 239 221 123 61 99 44 170 175 214 127 113 242 14 222 140 249 101 250 204 72 62 99 172 226 131 35 24 36 77 213 84 23 202 4 128 44 66 202 161 2 119 14 110 205 254 15 18 194 168 1 223 67 197 19 185 101 204 87 141 8 15 160 238 84 199 133 92 67 68 108 204 30 141 154 15 50 152 214 161 6 132 82 146 248 211 148 249 107 240 150 167 97 123 209 94 249 65 114 70 244 29 38 21 160 66 181 239 110 246 228 148 84 167 23 186 203 41 93 112 155 177 230 87 206 75 
105 211 127 130 209 153 40 232 136 99 70 186 173 208 135 24 77 109 243 76 14 111 93 171 158 54 117 200 58 249 90 41 206 235 242 123 131 227 161 139 155 57 111 225 180 157 73 73 249 198 202 76 208 42 119 80 218 232 109 136 220 63 197 233 240 100 26 39 91 152 128 9 99 124 153 135 163 36 238 54 178 18 32 38 68 139 97 164 37 60 192 200 222 9 52 9 46 48 129 110 139 244 151 91 3 101 120 148 162 112 54 190 163 36 68 207 66 223 163 167 248 204 225 165 97 18 254 2 
180 52 106 185 192 254 252 179 76 214 117 151 124 74 74 92 135 31 103 172 105 203 35 23 11 217 85 102 175 112 29 140 35 98 132 128 120 142 194 122 106 43 36 145 70 55 105 131 157 73 29 154 69 93 52 112 30 93 61 123 12 156 93 205 30 60 24 156 223 233 120 60 152 155 132 76 58 159 199 27 197 209 248 144 157 69 78 3 224 237 95 141 62 102 216 225 154 203 179 53 42 146 80 122 90 249 18 226 74 108 252 8 220 208 38 208 247 46 101 126 187 165 137 71 178 184 194 59 
165 122 135 24 225 105 60 87 184 213 247 203 13 22 149 139 104 197 216 40 19 142 18 245 17 236 31 192 70 103 229 98 209 128 73 245 187 17 105 222 147 233 169 6 183 158 250 168 224 41 173 227 132 154 81 174 129 208 201 56 235 35 11 218 138 124 99 41 117 150 88 110 73 239 84 143 132 156 89 161 204 136 146 118 143 14 36 74 3 135 50 177 190 204 249 44 246 61 82 252 74 116 27 199 169 223 91 175 111 109 145 218 229 206 13 118 138 153 174 44 15 232 70 8 49 21 195 254 
54 185 132 208 191 68 254 210 134 248 93 7 193 112 49 124 108 150 244 9 251 205 76 204 71 71 128 182 130 13 86 152 220 190 115 207 190 45 68 220 243 201 175 245 156 93 205 124 117 43 218 241 107 85 5 54 176 220 15 125 106 169 33 232 41 238 189 63 3 25 52 178 117 96 6 63 79 241 240 234 128 13 252 1 145 232 138 178 88 186 36 238 212 37 150 220 240 182 113 228 57 98 49 140 73 67 114 39 253 204 188 195 254 59 48 30 234 78 99 29 62 225 5 100 236 218 236 117 
238 18 172 44 166 1 85 104 33 178 42 132 50 72 221 74 168 251 245 67 76 75 31 166 107 100 218 243 196 80 58 3 174 62 229 27 57 98 86 209 106 156 150 157 13 178 246 183 42 175 235 72 72 233 64 30 199 249 6 187 87 177 107 160 48 53 102 19 108 92 190 27 153 56 21 215 152 50 182 16 130 170 9 175 14 24 18 33 237 190 240 10 103 204 165 252 205 244 30 103 140 225 177 42 153 115 165 61 133 232 86 48 116 243 54 205 102 90 34 179 197 3 117 194 110 20 159 45 
138 105 104 178 125 57 178 247 94 73 99 113 37 247 187 193 99 200 108 206 68 106 30 26 102 229 215 92 254 42 216 65 80 84 50 55 197 118 253 109 62 222 24 91 172 250 51 223 206 133 97 11 245 107 201 103 167 135 162 156 191 152 254 23 99 102 221 100 112 110 158 96 156 218 41 105 100 143 205 121 82 127 213 3 129 183 236 36 227 81 111 220 169 92 86 98 181 132 1 147 169 11 152 132 111 167 48 229 246 145 30 107 105 138 60 18 250 193 120 210 220 185 148 106 110 5 120 42 
131 83 202 64 3 239 119 184 223 146 177 20 117 227 79 164 24 253 108 147 98 168 37 127 99 13 225 100 149 248 89 148 185 90 97 199 9 7 239 71 116 25 34 105 104 174 17 146 217 181 190 21 207 58 166 4 12 23 72 18 130 206 179 141 111 239 222 71 219 174 68 123 234 163 72 204 25 242 107 122 200 24 68 8 91 91 130 58 221 169 145 51 88 228 36 67 205 182 115 152 87 166 62 75 228 100 95 139 253 242 239 213 175 115 165 82 160 148 87 117 24 228 78 209 176 153 203 118 
193 193 41 199 196 50 217 142 41 71 74 179 237 175 113 79 133 121 21 114 12 190 212 10 101 104 134 173 209 51 195 158 39 31 106 183 58 40 218 203 195 16 158 188 215 246 168 181 94 111 173 145 57 41 153 142 196 145 125 238 242 177 176 253 147 17 236 127 3 190 13 147 30 145 14 178 236 97 113 177 22 248 28 115 110 223 31 121 23 215 26 83 228 35 80 68 5 108 234 44 53 250 219 136 203 80 206 252 120 166 70 217 37 183 97 206 174 197 249 200 145 199 19 213 100 243 191 19 
232 135 169 102 193 192 69 44 105 5 171 81 253 247 254 167 99 54 69 130 246 135 18 50 210 141 254 4 50 58 234 41 103 89 69 169 231 200 254 93 200 12 51 205 228 174 243 226 52 83 131 236 109 100 62 216 138 89 169 224 3 82 97 162 114 171 118 191 8 30 106 16 34 208 227 222 148 133 66 80 23 15 92 143 147 178 242 159 138 177 70 25 45 111 217 64 91 68 175 172 2 124 66 47 235 41 94 18 87 151 146 41 97 107 22 224 200 163 9 21 166 119 122 219 119 162 18 167 
141 249 132 104 59 44 251 224 129 15 212 116 83 251 55 94 76 40 162 243 114 193 152 178 198 76 181 223 3 226 146 100 5 47 203 61 1 195 108 138 210 198 104 34 252 34 197 57 140 250 141 162 127 122 31 248 157 140 185 210 193 239 190 10 67 83 72 171 109 136 128 2 19 219 137 41 120 223 76 125 164 80 71 197 127 5 11 90 220 65 131 158 176 117 167 142 93 242 224 191 176 124 164 12 62 119 141 41 197 20 133 102 88 197 97 202 209 145 112 17 155 93 215 22 215 16 4 85 
59 159 32 34 2 245 202 153 182 249 109 129 231 72 130 32 187 28 227 122 52 10 45 74 49 178 248 135 4 98 249 22 30 76 47 129 201 110 190 241 189 100 62 90 134 152 253 118 1 242 145 227 86 121 115 182 117 19 34 98 213 94 83 46 173 53 241 189 174 79 114 179 191 53 138 142 72 94 78 145 121 182 54 152 188 179 236 253 50 218 69 207 113 2 172 199 104 3 35 244 21 104 253 115 23 192 220 190 243 128 115 127 150 176 233 213 82 240 223 32 81 44 52 232 8 51 145 188 
28 177 109 163 248 72 195 217 204 30 10 49 189 208 87 218 115 234 131 128 78 55 175 61 71 186 34 163 148 129 228 117 226 181 171 16 34 172 251 52 195 182 48 27 237 184 121 19 47 166 208 4 66 217 220 18 105 70 12 86 243 167 208 103 72 216 134 210 111 161 19 195 219 64 204 184 195 167 171 242 13 244 38 53 95 42 5 140 226 172 139 114 188 142 151 96 216 221 60 15 193 172 244 184 13 8 238 61 71 31 94 102 73 98 133 231 32 125 110 121 65 143 25 49 93 119 210 108 
180 224 191 109 225 168 108 8 203 31 80 109 22 58 234 200 43 86 236 70 136 218 52 88 130 195 117 93 168 196 239 167 196 103 197 58 102 144 32 212 54 135 110 189 45 173 177 52 128 238 122 132 132 218 199 229 171 91 34 44 236 151 228 66 134 111 136 57 61 253 192 193 139 55 100 30 45 125 206 90 230 48 208 237 61 173 144 100 213 214 158 70 226 140 129 144 207 52 38 208 4 109 235 67 42 235 135 202 28 156 98 134 206 162 183 137 192 103 109 30 98 141 8 245 127 243 10 134 
182 31 165 67 245 34 103 111 25 127 238 233 225 169 10 158 25 87 169 107 203 188 35 179 15 226 84 63 252 208 132 94 250 32 140 34 183 15 190 177 224 119 123 191 115 152 230 145 90 175 229 11 221 213 31 72 114 181 220 196 224 225 58 93 187 58 196 127 85 27 63 191 170 126 192 242 114 34 153 77 44 106 85 242 91 195 129 59 196 104 168 230 132 169 253 129 84 182 182 240 49 23 197 29 15 72 183 237 90 19 184 239 45 5 172 148 148 7 53 111 166 131 56 219 62 237 179 131 
164 29 151 7 142 94 187 199 154 204 42 171 111 9 131 36 159 245 168 61 232 252 242 133 254 88 230 104 174 178 133 245 78 108 94 224 158 96 206 232 51 235 178 194 173 226 253 106 232 99 157 103 98 171 231 172 108 13 156 43 100 234 205 60 5 109 61 168 40 120 66 242 49 237 35 38 214 16 207 151 56 180 26 183 228 29 119 213 227 13 209 174 197 49 60 112 175 95 104 122 141 217 206 161 6 170 160 72 106 69 28 24 77 1 28 41 186 143 244 195 248 143 204 96 52 93 21 214 
203 21 89 8 166 211 235 75 174 146 126 139 153 54 138 93 61 180 228 128 196 72 247 228 114 122 49 167 109 206 85 137 148 40 4 240 23 141 203 80 183 110 113 22 46 64 207 194 92 248 193 185 37 191 198 126 196 56 86 239 211 168 225 131 198 97 64 70 120 47 76 210 27 216 197 78 32 69 57 198 9 247 174 218 103 209 184 182 40 205 100 13 168 69 111 73 189 87 92 177 111 138 209 160 38 52 13 20 235 27 87 6 169 27 70 77 114 15 68 99 10 58 149 165 114 38 44 40 
115 30 165 13 133 182 206 53 210 163 184 139 29 42 198 190 93 111 187 111 131 226 216 182 157 110 67 71 183 184 88 178 30 107 99 91 98 88 228 141 237 97 88 126 183 104 130 188 145 61 46 163 104 248 127 105 3 233 80 213 89 221 110 201 75 130 159 1 147 3 198 247 65 25 192 159 207 94 41 15 187 75 7 236 222 212 31 252 251 229 103 133 79 28 216 53 170 57 180 81 30 139 94 138 166 176 248 242 65 126 113 202 158 190 222 8 162 61 5 80 181 48 20 84 183 94 143 235 
106 165 198 88 159 68 2 93 183 124 198 192 146 212 218 119 242 205 41 167 173 223 105 134 130 216 120 236 177 224 83 135 112 148 196 88 136 201 48 10 236 219 156 85 196 108 58 149 154 19 15 133 145 171 176 100 129 172 137 195 225 110 206 207 99 30 186 105 154 139 96 134 198 3 251 42 67 164 10 203 112 64 166 196 211 63 86 8 152 249 235 114 239 59 201 116 56 157 3 205 213 208 42 161 87 120 109 90 177 148 136 68 191 97 48 107 11 182 191 85 191 70 244 113 115 72 66 183 
171 107 14 42 134 34 83 52 231 58 135 147 72 223 227 202 246 142 195 219 149 222 92 236 166 220 34 83 191 146 116 81 63 97 231 128 230 57 54 4 223 245 22 250 16 150 82 40 190 244 124 162 80 17 148 79 22 106 12 213 105 114 38 21 61 50 195 13 227 24 49 101 187 169 57 235 7 165 112 98 6 50 108 248 183 68 2 154 110 153 69 114 39 240 159 18 35 225 34 133 128 20 149 65 120 222 185 21 121 224 224 8 158 137 56 46 71 28 136 128 106 179 116 94 53 59 246 120 
62 207 24 223 202 5 233 206 216 38 204 109 244 216 246 198 28 12 116 25 136 143 140 100 2 232 225 153 173 38 131 111 217 43 152 34 63 37 123 21 235 124 133 30 218 90 168 68 201 47 128 39 200 86 104 194 240 66 18 7 85 249 251 146 32 80 67 237 36 245 25 102 175 92 226 138 126 72 235 224 246 220 82 136 234 140 229 145 152 112 242 112 154 143 174 117 137 141 89 129 124 4 165 220 253 216 29 121 244 245 142 197 58 231 214 208 57 163 45 203 123 197 126 159 98 99 95 63 
90 179 108 131 198 246 187 87 223 122 118 32 121 214 252 193 4 160 30 32 43 10 233 165 12 200 82 193 135 106 77 192 76 118 28 219 197 58 35 139 176 59 146 138 40 184 253 60 90 213 66 193 50 176 25 147 67 59 164 192 93 75 119 79 28 39 93 191 6 196 129 250 160 17 31 214 156 136 146 223 179 192 55 66 198 151 148 178 228 244 170 164 101 65 71 209 243 197 110 81 23 20 4 134 194 74 153 47 243 209 78 63 213 103 128 79 60 167 61 187 115 195 24 82 158 229 187 124 
35 182 24 203 26 252 55 183 88 235 131 226 32 251 124 18 105 18 62 36 103 200 59 154 115 63 57 35 253 164 102 148 99 132 190 89 94 211 64 6 54 169 71 254 173 176 76 35 12 3 18 83 171 37 98 168 125 210 243 224 175 25 178 112 103 129 154 182 5 130 235 132 248 72 15 23 49 121 74 121 238 168 120 144 141 221 213 181 226 3 106 103 189 22 84 31 187 133 216 81 210 120 43 167 22 225 51 134 68 12 102 122 45 48 229 73 4 74 234 206 92 112 183 102 221 48 188 35 
112 41 146 133 246 136 82 154 241 244 235 142 220 149 205 18 16 123 54 162 156 195 119 25 240 19 87 226 43 118 96 166 249 6 143 23 66 75 101 154 238 70 197 31 56 28 85 39 199 31 53 192 8 231 35 56 206 150 33 178 202 26 168 146 5 212 63 151 70 22 217 166 91 249 240 197 251 181 137 232 135 15 211 190 8 85 51 114 216 5 47 223 202 60 231 149 237 29 221 114 8 249 2 203 4 185 191 13 138 65 110 26 207 15 109 128 29 91 87 24 92 213 77 199 210 18 126 96 
93 95 64 180 155 164 8 86 199 80 105 95 58 47 142 65 210 114 111 2 10 113 184 154 155 178 241 80 247 234 98 164 31 72 3 246 7 143 172 140 124 18 62 173 246 102 33 249 25 62 28 171 147 87 137 9 115 156 52 16 24 18 52 95 244 120 109 188 223 43 27 163 146 162 69 9 112 24 31 220 30 67 247 185 110 173 71 111 211 93 249 184 233 196 168 50 182 64 55 205 48 85 4 121 87 247 74 22 58 240 115 177 181 224 149 202 132 42 220 144 78 57 196 20 53 17 182 119 
94 90 75 241 34 144 251 18 192 188 176 157 181 168 142 190 213 159 54 103 89 138 35 72 82 246 37 152 239 16 131 188 226 169 70 165 5 106 234 54 157 4 177 212 192 189 208 234 155 241 93 251 165 100 225 17 200 31 17 46 235 65 122 116 101 108 240 159 57 44 55 76 122 72 161 234 5 122 177 204 8 175 142 33 238 27 17 122 19 7 207 246 23 197 249 66 148 161 104 3 88 109 207 38 183 177 25 146 86 156 162 79 121 119 93 139 53 69 76 204 192 36 125 37 229 74 131 33 
143 85 68 36 105 207 133 184 163 53 108 56 74 8 39 185 139 111 155 3 126 180 136 26 67 55 11 86 79 91 64 250 2 12 91 121 33 136 217 237 218 10 166 245 59 214 46 214 82 4 176 81 199 79 132 6 40 110 206 201 30 7 67 231 243 73 29 155 97 227 47 233 118 227 5 6 57 33 31 44 196 224 140 6 1 30 159 193 251 171 124 179 169 219 71 105 90 244 244 161 191 101 162 69 177 219 43 132 116 123 152 78 181 193 232 135 8 70 99 73 116 41 227 239 99 49 36 44 
22 74 118 116 107 199 51 104 235 108 233 103 57 74 239 107 8 147 94 46 111 234 196 179 66 140 90 237 181 128 245 37 100 51 159 153 92 118 101 76 36 37 243 111 207 247 199 58 95 109 151 87 84 184 232 194 86 194 222 4 54 76 204 198 86 229 132 107 9 246 171 74 7 221 210 90 24 177 212 131 195 155 208 236 12 178 162 222 251 222 59 54 166 200 170 219 166 111 253 51 35 93 216 2 172 46 127 247 75 230 151 22 89 247 190 22 70 61 235 67 217 226 4 49 78 61 208 154 
19 84 80 175 65 31 202 254 122 63 16 102 138 190 200 194 145 101 68 136 175 183 128 1 49 63 7 46 236 75 68 74 49 180 153 73 194 21 140 100 18 42 62 148 247 250 134 51 32 10 17 116 132 104 117 238 9 137 227 115 237 44 248 49 79 29 86 57 200 70 6 160 72 118 49 172 180 8 189 15 50 4 27 136 205 52 36 184 187 104 64 54 211 39 107 73 175 22 213 61 21 39 54 91 24 174 20 47 32 92 166 54 216 210 153 189 206 241 12 119 96 140 48 40 197 158 86 93 
37 84 1 152 161 211 126 218 144 97 19 17 126 52 94 43 132 49 23 147 251 39 215 57 60 45 96 153 213 172 41 128 2 171 13 252 175 125 228 129 161 243 142 189 18 136 67 242 97 176 13 161 225 130 222 126 252 238 100 99 211 56 12 197 174 71 44 240 126 234 162 220 20 12 183 191 101 155 75 236 54 214 208 236 45 228 42 10 102 63 78 62 104 88 98 154 27 218 96 76 204 52 39 249 69 158 154 198 107 93 33 186 215 24 110 123 153 7 1 179 170 239 232 187 52 87 236 168 
96 212 83 223 240 154 74 35 87 96 233 42 21 32 117 73 99 181 123 52 76 62 146 20 151 173 108 86 173 78 140 163 168 128 155 37 92 90 119 63 58 185 141 22 119 188 63 223 182 212 53 239 123 155 169 191 146 16 52 171 37 80 81 145 56 35 21 19 237 55 222 210 13 151 240 4 238 90 66 142 207 43 49 81 113 89 122 108 88 229 130 252 196 48 228 57 217 206 62 33 41 7 158 212 76 194 25 40 164 78 16 225 93 62 10 121 148 244 101 149 191 37 7 10 151 207 59 53 
97 89 102 32 211 160 158 77 86 226 107 238 141 123 158 8 31 83 238 79 178 199 136 71 140 247 153 114 43 229 190 33 154 133 208 175 43 97 197 134 157 55 209 52 137 186 68 73 37 51 73 219 92 79 30 194 230 220 70 226 193 97 244 192 85 193 104 212 208 238 149 161 253 146 51 68 137 117 130 120 192 252 210 17 49 58 21 12 218 167 216 30 249 141 254 204 249 231 220 102 176 51 241 253 233 236 221 214 15 232 204 193 174 83 198 59 25 166 44 249 117 244 113 158 69 31 202 112 
126 214 106 4 118 222 207 189 146 133 193 58 10 78 203 138 103 162 223 148 38 93 76 221 220 186 90 75 88 242 48 131 116 109 49 152 200 81 191 97 24 213 98 197 153 107 201 120 117 170 150 10 83 29 152 165 155 212 56 110 92 126 149 47 69 96 142 140 102 106 190 155 9 177 176 13 231 110 129 86 254 15 55 191 116 110 176 102 58 58 62 75 231 60 96 114 84 229 164 248 215 152 218 33 38 9 250 238 191 114 252 105 223 72 236 13 187 75 173 217 112 63 49 149 194 186 161 41 
25 252 243 146 177 23 157 243 21 60 21 166 98 100 171 227 21 252 220 33 81 254 133 156 175 128 7 68 44 151 250 80 94 227 48 27 176 22 178 144 122 145 183 28 136 99 152 242 202 129 231 235 229 53 240 82 116 165 45 28 59 213 56 250 249 217 71 37 26 27 180 56 119 28 24 165 62 198 91 22 52 52 76 240 71 33 53 146 3 155 92 144 185 248 141 66 203 10 37 133 110 31 184 202 206 143 172 146 75 207 171 133 144 214 129 105 252 197 111 82 104 34 106 240 186 115 122 79 
142 115 120 166 211 161 166 178 21 211 80 212 181 118 47 91 153 167 8 60 83 228 223 190 54 20 10 18 164 12 202 18 220 64 147 46 41 138 38 94 180 183 38 119 198 198 34 111 115 163 84 223 40 5 13 207 151 22 166 53 201 217 176 199 82 224 223 72 116 178 47 32 55 149 13 113 16 60 43 65 82 8 203 77 132 221 169 23 121 202 175 90 253 39 155 105 37 27 58 164 121 22 19 176 224 141 90 73 2 180 149 2 35 170 1 92 188 105 107 100 67 159 156 216 41 132 52 225 
143 150 228 100 231 68 40 228 74 130 222 133 10 246 20 229 125 229 112 67 253 21 70 186 12 172 32 79 131 211 246 47 201 26 150 37 157 137 71 225 189 77 233 136 118 18 197 164 153 224 52 138 118 212 180 10 32 174 112 96 249 143 44 98 190 233 179 18 4 103 232 30 122 24 243 60 159 71 238 237 183 161 114 205 120 254 152 141 171 17 85 57 37 241 219 167 213 252 59 75 145 169 175 134 96 49 182 134 210 155 213 217 242 67 174 37 171 59 208 137 109 242 104 190 114 99 177 7 
79 134 107 214 57 119 242 239 229 23 6 243 65 129 4 154 78 240 224 10 200 80 232 246 148 165 8 51 97 224 104 161 152 38 34 76 194 137 224 15 247 224 60 67 42 12 96 243 70 15 145 150 107 111 52 112 41 216 110 30 199 178 41 175 12 45 38 218 204 36 223 64 242 23 20 20 200 241 132 220 141 143 201 224 214 141 23 73 193 135 172 184 7 8 43 65 132 69 153 88 111 153 188 183 174 41 181 189 111 199 217 99 160 54 93 193 170 97 33 9 229 58 123 200 74 131 116 127 
43 241 140 118 30 210 221 187 123 107 216 93 27 170 88 210 7 113 215 101 181 213 113 56 225 106 119 78 187 17 96 99 184 29 226 77 189 148 64 5 147 128 243 40 32 131 72 231 200 96 11 182 30 202 231 158 201 115 83 52 176 227 46 218 146 3 126 48 192 83 103 159 169 72 119 124 100 10 54 62 243 13 22 179 79 95 166 155 192 250 134 82 133 176 166 204 140 143 254 83 123 208 97 93 110 109 36 34 211 131 17 153 64 178 134 138 146 91 143 67 115 20 222 44 18 247 225 40 
60 245 58 54 58 65 133 38 202 250 114 96 52 156 12 93 112 236 40 21 140 105 159 54 40 134 164 183 137 161 215 6 26 103 172 132 3 79 99 241 45 177 170 32 43 20 75 41 39 66 80 252 20 144 188 161 99 203 62 62 23 55 128 12 236 12 13 185 180 78 106 41 48 166 89 28 220 89 76 178 39 45 173 216 227 194 53 248 34 22 167 83 136 94 140 207 219 1 47 39 105 153 111 197 152 105 124 59 240 236 193 239 220 61 132 69 179 89 47 92 61 25 80 16 201 228 183 156 
150 134 228 114 173 206 38 156 125 9 128 122 46 166 145 117 197 226 196 58 143 168 139 13 26 207 45 107 250 101 35 197 212 57 77 156 238 206 202 82 67 36 164 28 121 119 5 220 136 32 74 193 96 11 30 137 232 234 164 34 103 43 25 88 210 57 182 42 65 27 16 28 40 205 52 150 64 103 214 79 112 143 35 177 124 85 171 100 35 178 40 56 4 5 146 104 154 117 229 224 198 247 212 212 152 235 141 186 127 177 204 108 248 57 57 229 16 4 13 158 3 9 19 248 21 16 89 99 
94 239 80 218 74 184 178 200 161 248 58 70 217 200 204 235 197 228 181 19 75 160 235 60 168 102 111 196 227 143 50 8 254 39 25 110 169 65 40 134 174 181 32 247 222 108 27 229 183 153 119 201 175 50 170 141 129 182 131 41 148 159 75 188 43 62 43 4 131 4 201 145 133 1 141 57 30 113 92 20 175 250 194 106 32 123 246 153 107 193 136 239 184 38 15 44 77 198 209 218 225 27 34 113 37 197 227 184 59 72 20 189 30 217 134 155 198 213 68 184 19 180 84 37 12 246 154 15 
205 175 48 62 89 59 28 247 131 191 57 220 202 40 221 179 194 155 124 42 152 121 152 218 113 149 165 232 121 48 152 207 250 196 34 44 149 231 45 13 26 117 161 171 164 231 252 152 65 209 184 4 169 55 82 194 156 84 102 63 193 43 183 94 144 166 128 4 146 139 149 240 213 94 30 123 115 155 171 95 216 192 197 118 4 93 7 245 63 237 210 196 163 89 44 77 135 15 203 126 25 89 74 159 6 97 24 23 245 119 109 37 7 155 240 10 187 91 250 227 29 56 131 89 8 13 239 103 
234 86 23 84 225 113 80 32 90 35 11 65 136 141 151 233 114 238 120 114 186 229 59 245 159 234 78 202 213 212 142 26 169 123 127 146 64 2 70 206 123 75 133 95 81 203 144 159 254 41 231 160 228 222 185 121 153 103 219 221 142 77 99 154 206 80 60 157 236 176 228 109 15 77 123 192 219 151 165 70 44 104 46 242 233 254 30 18 124 188 132 232 248 73 88 197 46 58 47 44 230 245 62 117 202 178 66 82 158 244 213 171 104 67 216 184 118 168 137 22 248 117 89 71 160 76 48 226 
247 206 177 146 224 153 149 51 8 120 70 125 185 231 50 88 96 181 12 22 61 55 92 226 241 185 133 56 218 102 36 39 172 254 214 162 132 16 159 3 76 233 145 61 251 135 148 180 23 130 181 96 167 53 104 154 190 65 55 219 23 29 107 217 92 242 41 196 180 118 231 173 129 65 62 239 45 235 132 140 35 143 157 67 133 47 50 242 146 96 179 62 50 53 67 64 168 203 4 75 29 145 76 200 125 13 46 12 191 157 47 53 70 208 1 33 207 201 120 103 220 20 119 17 203 73 210 240 
76 32 163 216 57 86 103 188 170 82 88 242 16 68 174 68 32 4 230 126 191 135 148 187 149 165 66 78 244 5 174 209 235 39 75 67 151 184 88 187 72 96 254 229 215 237 41 157 96 77 85 137 79 134 252 236 74 111 124 199 31 54 120 26 118 177 50 92 207 156 103 236 221 244 62 175 77 165 116 244 85 60 241 189 139 24 98 204 57 49 93 95 78 171 215 164 228 127 108 133 230 7 41 213 52 122 87 33 239 9 16 52 154 173 148 251 31 125 41 236 137 173 134 54 189 204 178 20 
48 110 8 68 208 227 145 72 36 103 92 156 3 136 100 166 16 55 53 119 178 159 248 136 167 137 219 104 94 84 228 238 57 13 83 190 213 154 160 13 28 31 167 62 207 44 251 147 39 166 210 75 10 9 222 222 206 71 247 19 217 13 193 90 187 181 123 200 137 187 2 187 213 63 236 162 6 37 213 5 226 207 205 87 101 72 22 192 93 131 53 89 240 166 37 17 235 196 10 241 215 202 44 234 163 112 123 31 145 53 120 251 28 132 148 53 234 231 132 68 98 75 182 150 134 130 77 75 
224 55 147 36 239 147 240 241 222 43 165 30 123 103 89 137 133 41 167 149 108 131 137 73 107 199 243 113 87 157 158 242 205 35 95 238 58 35 210 170 38 128 130 118 100 80 99 29 61 60 76 248 21 225 30 54 48 40 221 91 55 20 116 72 146 72 243 154 53 149 160 207 77 46 21 93 33 164 84 144 69 166 18 84 133 207 210 125 166 232 35 155 85 111 49 96 113 142 178 50 138 102 102 55 171 37 102 50 20 111 163 57 154 104 188 120 13 237 195 228 164 232 182 228 38 205 116 108 
9 215 139 200 47 254 177 158 6 129 203 25 187 119 64 137 113 196 12 154 9 100 148 135 201 244 90 198 45 72 131 107 1 31 24 40 223 175 225 74 49 231 5 80 170 235 44 117 150 84 176 234 3 152 20 196 170 139 228 242 68 162 157 26 9 29 57 119 135 241 113 172 207 84 178 155 178 31 164 87 251 240 148 235 247 162 22 121 207 188 67 185 197 139 62 62 191 63 210 107 16 12 178 88 145 235 200 188 43 236 82 121 199 245 133 84 55 156 172 193 143 212 45 111 131 75 90 80 
16 111 62 192 47 37 217 179 169 24 65 224 224 254 243 178 4 75 146 8 1 81 159 228 84 103 87 211 161 254 122 71 201 124 238 138 244 184 63 65 76 237 167 100 91 26 186 61 80 1 149 38 248 162 71 138 2 153 174 64 240 221 125 94 196 239 218 79 135 250 244 222 104 158 190 193 151 158 192 93 233 201 228 209 199 154 128 129 42 59 110 195 78 174 65 146 182 96 234 54 190 195 197 252 189 196 13 191 135 14 9 208 99 62 14 52 140 175 110 95 178 241 228 10 152 248 245 149 
27 118 21 153 210 165 207 37 74 235 181 220 125 86 107 4 21 73 253 84 201 13 237 46 26 180 58 109 90 195 226 237 170 160 176 13 228 137 207 228 41 46 131 123 219 150 161 109 252 207 52 217 69 2 52 203 212 211 194 92 218 26 212 166 119 173 219 135 191 74 157 77 194 4 69 12 216 69 12 6 127 125 151 50 18 7 186 164 89 53 91 128 32 163 132 221 114 60 197 184 215 158 81 180 220 126 1 95 31 53 25 47 154 68 76 41 166 70 185 210 127 99 100 201 27 246 122 171 
136 123 44 191 163 217 198 205 17 148 246 66 115 206 133 38 93 210 4 198 243 201 222 12 13 165 26 61 9 82 245 189 101 21 17 195 12 102 13 70 236 152 23 157 18 169 75 216 53 222 228 95 162 84 13 141 151 214 176 169 19 211 84 222 233 63 158 65 167 236 91 214 45 50 11 213 42 20 109 179 192 225 23 159 243 65 73 151 108 152 188 240 34 81 251 223 126 128 120 80 169 209 150 188 29 248 2 133 52 156 84 26 164 236 95 157 227 225 10 119 82 201 254 2 44 232 142 1 
201 232 97 147 64 189 29 216 140 122 154 176 210 200 103 245 141 37 57 79 232 241 170 118 10 26 213 58 53 99 13 249 221 198 61 222 190 167 14 110 141 165 231 158 15 66 177 80 20 97 72 84 175 88 94 211 92 2 192 93 175 207 215 213 144 84 152 134 110 178 192 68 56 130 73 172 155 177 91 121 190 37 231 62 176 183 145 51 130 25 210 16 161 246 198 75 82 48 159 239 166 5 68 159 63 203 188 30 197 203 248 37 48 151 176 10 93 7 234 250 179 93 36 222 161 126 152 222 
25 54 8 88 23 83 160 100 95 25 13 227 34 3 55 205 209 148 48 167 132 20 181 105 244 136 189 161 145 224 7 140 250 153 28 191 187 114 38 73 110 42 226 229 134 148 221 34 18 175 150 20 84 50 108 143 26 97 233 10 61 135 124 99 146 108 8 132 60 70 140 15 249 79 199 96 205 112 230 164 160 246 142 81 43 8 107 96 49 197 42 251 96 64 66 223 119 50 145 188 94 67 111 9 220 101 74 218 2 142 67 117 229 4 212 48 83 110 197 116 182 11 71 133 11 249 4 130 
254 139 42 210 206 105 19 67 197 121 87 117 119 241 129 15 241 180 140 232 59 67 5 66 84 21 156 149 75 138 38 18 65 43 204 254 187 141 92 247 112 74 191 45 148 27 170 246 155 63 12 230 41 134 24 20 1 69 65 20 63 157 93 155 159 211 180 94 231 24 189 199 114 99 216 130 66 189 145 234 110 17 148 180 94 176 239 92 247 13 97 25 200 224 208 123 93 38 43 182 201 136 188 88 32 98 101 234 222 213 206 138 56 21 70 46 58 199 253 160 160 7 49 22 33 131 6 167 
54 187 93 216 232 96 223 7 157 106 140 176 79 249 156 74 164 209 151 16 146 70 247 198 235 41 233 159 129 125 22 94 13 176 205 189 115 49 154 112 6 39 158 40 159 42 101 136 185 210 24 148 101 30 221 87 181 219 48 94 97 156 8 22 191 51 226 211 54 28 60 136 179 45 217 233 76 43 177 188 162 168 230 237 161 224 188 237 179 2 71 3 106 98 124 113 29 178 88 252 146 52 218 157 57 243 187 122 167 154 21 182 23 206 194 47 51 154 99 33 50 40 232 188 96 65 92 174 
164 129 76 108 128 10 8 242 124 179 34 122 104 228 135 117 241 184 102 231 12 171 232 193 237 196 238 119 241 39 158 144 81 3 253 52 22 185 203 82 252 65 4 243 71 197 191 2 50 94 188 95 50 93 192 26 130 58 106 178 93 51 65 128 141 137 250 138 227 109 45 179 201 241 58 163 243 81 58 65 194 209 67 190 222 43 185 186 149 46 237 238 180 40 206 176 245 234 204 41 237 140 183 180 12 10 14 218 4 236 53 115 208 48 200 46 199 166 239 7 117 114 240 52 124 83 143 224 
22 162 62 25 93 82 107 162 182 232 117 253 212 212 69 78 225 121 212 75 40 13 220 16 121 209 113 205 224 222 67 11 146 72 122 245 42 206 209 47 44 170 159 188 245 184 139 253 202 63 36 94 101 228 136 245 68 100 13 151 40 68 123 13 117 15 214 129 140 37 114 25 34 187 192 230 114 85 128 70 218 24 236 168 23 161 136 33 131 24 41 111 14 149 152 99 173 75 71 121 194 67 119 113 116 105 60 251 216 142 198 197 84 246 235 111 238 32 121 177 125 124 1 38 91 5 144 78 
97 116 69 228 158 168 136 128 176 32 108 72 63 222 68 213 13 247 230 54 65 132 107 46 27 185 158 2 193 179 42 50 235 229 25 219 208 194 15 107 154 131 25 29 37 115 69 59 237 86 199 166 122 61 94 195 199 199 35 92 169 75 242 2 87 60 61 141 128 35 16 17 176 148 126 11 22 35 234 73 7 59 217 42 177 137 81 114 140 216 7 159 77 247 87 76 153 135 11 196 136 82 220 236 70 72 34 95 29 234 6 179 40 205 57 200 171 101 80 245 58 52 213 209 135 187 159 160 
8 183 61 68 140 132 81 96 43 197 11 233 223 169 219 143 43 20 109 225 37 64 217 102 247 36 179 243 37 175 100 186 44 229 109 186 8 220 149 90 163 226 249 244 234 7 232 124 7 15 105 15 1 230 141 105 189 39 210 233 45 203 45 191 151 142 102 33 14 176 184 250 176 168 8 25 243 169 133 124 155 206 23 131 19 121 128 74 122 212 11 12 117 210 233 204 87 211 25 33 109 138 69 127 38 164 75 179 138 123 231 42 46 81 45 192 24 183 18 209 6 41 162 234 27 247 253 241 
204 166 155 210 246 2 7 117 83 17 227 203 155 27 3 131 194 211 11 159 44 58 45 148 206 251 43 219 133 83 66 69 143 93 94 218 63 103 1 102 57 113 135 100 241 110 138 19 248 117 35 128 143 53 22 145 217 138 190 199 120 196 118 114 86 171 138 200 74 156 13 17 53 106 78 132 244 186 220 142 180 149 229 120 228 60 196 24 67 115 214 192 166 75 114 193 248 18 203 11 72 226 199 171 190 237 236 21 221 135 149 90 238 142 22 117 231 64 246 152 240 17 30 251 34 153 89 195 
23 109 163 14 15 3 182 130 129 104 157 5 89 228 156 131 150 45 220 208 100 224 114 239 224 113 109 15 141 248 229 164 101 147 99 94 5 177 249 14 252 141 116 247 135 184 109 95 55 245 226 114 174 178 30 140 18 56 14 157 178 169 212 134 161 129 15 154 119 71 181 66 154 244 217 131 114 228 79 182 183 183 236 164 42 64 55 60 113 161 137 232 161 114 213 235 183 94 211 70 169 253 127 192 83 240 64 216 237 71 91 30 203 183 157 128 11 185 186 57 142 109 162 33 161 193 83 236 
99 172 49 125 36 55 135 65 215 237 51 86 77 114 77 95 69 229 98 83 63 88 41 8 118 173 146 149 181 97 200 69 62 95 77 246 217 28 177 169 92 173 159 90 211 254 171 153 71 177 28 218 50 217 41 239 219 229 152 184 29 94 164 217 52 98 29 169 129 73 118 62 39 41 229 6 184 78 145 46 235 227 196 21 118 101 98 179 228 6 114 158 242 146 43 14 221 107 30 186 223 149 220 167 215 153 234 146 160 250 63 87 13 113 142 138 198 13 9 231 133 139 238 114 90 61 9 185 
77 27 66 175 199 57 38 159 52 35 194 188 240 142 46 156 25 103 27 119 19 16 94 179 86 73 159 100 234 28 194 228 36 189 60 8 9 160 71 232 172 26 216 25 82 39 153 218 149 166 241 211 37 173 8 196 213 170 116 92 35 63 64 18 236 190 13 144 125 135 99 116 144 150 233 128 224 28 161 117 147 50 18 126 1 56 191 45 16 242 69 237 201 153 113 204 238 185 148 102 107 75 93 96 123 89 62 36 222 103 99 23 167 190 54 58 164 47 199 3 154 99 130 153 216 207 153 228 
24 120 181 122 171 158 253 147 99 51 43 163 83 224 126 67 40 145 175 202 2 168 170 101 60 47 58 144 61 234 96 76 44 53 55 121 195 25 98 51 210 200 231 148 11 2 211 232 184 17 134 159 164 94 212 5 82 28 122 23 247 111 24 149 140 38 145 27 195 116 114 68 142 34 12 86 218 216 34 244 52 5 5 36 158 102 216 127 83 81 53 164 208 4 248 106 189 59 49 68 16 243 136 139 126 56 177 86 107 1 161 11 143 240 59 42 220 100 174 184 43 230 130 239 111 50 181 100 
209 88 146 74 108 219 146 178 184 106 93 66 89 104 65 86 72 72 155 66 173 82 67 120 19 147 115 149 192 237 57 40 69 161 35 76 36 127 142 14 200 231 245 70 225 233 104 125 34 149 119 174 244 207 121 210 101 20 36 251 56 110 136 47 124 27 93 226 77 82 187 109 63 245 245 118 106 44 55 117 218 134 75 134 252 59 104 222 149 154 140 132 230 194 164 76 46 147 175 82 176 216 10 56 152 138 223 227 154 153 140 42 48 115 41 5 202 249 109 205 121 198 10 130 133 60 199 11 
204 105 137 213 72 80 229 63 198 22 134 8 229 205 81 31 147 124 34 204 62 227 48 199 201 211 28 116 132 83 95 202 2 122 133 169 176 126 198 191 247 46 73 180 30 5 52 18 189 2 243 245 28 113 117 58 102 196 60 232 37 108 14 126 77 147 214 3 105 52 36 133 149 222 119 168 202 81 237 174 157 165 192 239 238 237 191 7 154 76 204 102 153 191 57 223 50 127 237 104 197 8 240 58 192 192 26 238 243 36 160 87 27 171 238 96 144 189 129 3 120 113 163 250 70 9 238 36 
42 159 111 64 148 114 215 14 127 92 24 36 108 3 216 110 75 197 195 99 93 180 56 57 155 117 196 156 246 238 237 206 68 89 189 70 31 93 38 106 41 245 210 115 73 228 120 121 238 3 214 154 208 238 149 124 218 50 78 200 234 187 7 18 234 169 66 125 249 34 95 33 44 230 79 132 91 168 126 182 120 43 150 99 37 218 194 6 148 143 88 73 29 97 94 28 209 251 9 141 116 129 163 79 58 253 115 22 157 81 56 250 114 241 150 10 49 243 211 96 218 220 18 78 166 23 80 95 
191 17 45 217 252 188 15 161 146 62 226 191 190 219 60 63 81 40 98 32 108 229 52 200 179 239 146 62 146 49 9 167 205 4 107 98 17 41 223 129 69 1 40 252 36 187 213 85 63 180 96 153 94 235 95 24 129 206 95 224 14 107 13 64 7 107 211 178 227 48 194 103 157 151 98 146 51 1 69 16 180 192 107 169 160 175 118 201 15 80 53 65 7 79 209 137 132 58 46 188 171 30 233 98 226 110 7 120 12 98 38 196 234 40 20 180 225 31 104 8 235 54 162 59 193 155 45 124 
91 125 146 199 20 168 160 247 220 133 36 77 131 153 165 12 69 75 171 245 169 229 164 180 224 229 218 98 13 71 146 105 123 193 148 71 1 238 8 242 156 42 18 151 141 74 228 72 214 41 193 78 202 22 21 193 190 212 14 8 19 218 183 250 14 111 167 77 203 17 168 117 61 227 217 152 35 151 69 84 239 167 65 85 133 83 29 184 196 218 46 24 243 208 227 107 198 23 60 90 71 205 60 140 222 108 221 51 249 216 109 1 42 183 159 20 119 13 167 129 59 179 14 8 142 49 62 92 
249 39 142 223 130 174 178 116 90 116 60 133 90 8 167 197 148 31 55 153 88 239 134 30 99 201 30 120 254 154 118 27 215 83 135 237 121 184 185 179 247 192 66 109 136 168 224 182 245 177 244 254 231 31 47 30 151 56 4 39 6 98 144 249 112 66 10 173 87 218 142 121 59 212 69 67 127 181 116 119 164 10 251 116 59 15 104 43 188 33 110 126 83 127 118 250 101 230 27 58 128 194 240 208 167 53 230 38 6 233 53 140 157 184 91 123 123 13 130 203 144 207 174 179 5 18 37 24 
204 250 42 12 87 201 219 66 64 120 79 194 1 33 175 79 9 87 129 99 241 106 137 192 168 56 177 198 61 201 150 199 185 117 157 60 31 78 231 174 99 56 88 107 114 90 64 20 50 116 78 66 81 76 68 123 38 80 74 199 75 91 206 37 67 199 54 160 215 190 127 54 157 105 60 159 14 80 54 83 187 45 169 51 244 228 106 183 247 66 224 209 107 247 240 184 158 62 54 85 70 194 112 208 238 119 47 13 120 186 74 139 247 220 97 67 227 4 123 162 114 88 125 11 148 54 31 41 
119 91 184 237 247 204 151 148 220 111 107 223 59 164 135 222 214 98 8 88 194 171 198 11 187 164 135 168 95 86 195 92 159 64 7 222 123 96 191 72 55 193 159 36 248 225 94 23 168 193 39 220 37 201 68 188 244 249 173 232 230 153 169 52 171 83 155 208 95 195 99 204 197 27 31 81 76 187 164 52 162 76 232 225 206 153 40 123 156 249 149 202 182 74 24 144 77 165 202 114 167 204 121 86 6 237 90 128 227 17 6 1 246 81 173 111 53 126 188 242 125 204 45 181 202 91 176 154 
226 28 104 176 248 203 150 70 70 77 176 13 223 57 78 166 1 211 4 161 1 152 253 160 231 119 199 243 179 106 208 117 57 207 205 85 23 16 229 217 231 189 11 218 204 206 30 142 121 239 146 88 130 145 28 248 106 229 55 182 27 171 121 204 73 43 115 218 83 210 74 43 143 177 240 167 56 215 157 227 245 248 123 48 160 254 181 50 247 142 207 175 182 111 208 29 204 1 189 193 187 150 252 152 132 97 2 240 165 100 8 107 169 148 91 111 4 39 176 175 244 13 62 181 117 252 99 81 
213 107 7 126 116 186 90 237 86 49 20 110 82 78 66 43 157 243 105 248 58 161 203 227 70 47 28 243 135 175 139 53 23 190 38 52 17 147 121 82 65 49 78 81 48 7 35 91 104 203 254 163 234 151 16 92 128 108 75 30 133 123 38 247 149 136 35 183 137 23 218 209 8 15 91 153 44 79 123 35 126 147 197 18 247 199 202 71 246 183 251 128 240 2 180 183 16 90 41 146 137 69 153 186 44 16 220 43 226 107 75 216 251 95 89 175 116 35 246 167 40 175 167 110 168 47 153 236 
41 173 117 233 172 71 40 21 125 215 43 189 174 182 88 16 176 41 232 224 215 48 131 196 189 98 182 245 52 71 148 150 14 64 225 59 242 218 181 2 114 198 210 33 6 4 183 54 103 234 40 55 78 14 79 43 98 93 8 244 155 77 138 251 7 105 54 138 64 211 106 101 208 83 132 42 90 164 140 151 185 18 200 42 156 47 65 34 51 45 2 97 16 150 249 23 62 7 91 13 253 141 246 31 127 59 248 46 166 64 19 209 156 82 44 19 164 138 192 50 113 159 202 233 201 218 245 151 
216 35 104 54 126 214 4 60 23 13 80 208 133 29 113 238 221 227 1 119 124 157 232 24 52 246 224 156 172 229 163 15 125 241 78 162 84 70 124 100 250 158 61 121 227 5 185 81 232 161 17 126 122 2 113 198 81 185 163 216 53 222 21 35 43 246 148 185 199 103 36 156 29 41 70 175 85 182 94 103 142 44 208 214 250 31 254 228 207 207 157 4 75 24 26 43 7 118 31 88 32 106 123 50 250 44 38 151 31 93 55 235 16 67 126 184 104 209 203 57 213 225 226 80 248 58 134 188 
87 118 38 93 250 78 185 244 158 203 189 179 115 93 239 239 166 7 246 166 114 44 68 181 50 178 57 160 55 172 47 13 101 39 76 152 251 242 199 194 183 169 64 236 117 16 137 30 240 69 45 114 194 7 58 123 75 1 216 46 223 85 144 106 147 10 7 217 95 188 114 20 173 25 11 104 251 205 121 158 168 181 103 115 142 122 95 129 113 8 25 75 41 7 38 21 123 119 54 183 175 229 142 175 149 170 178 141 76 175 53 203 238 171 201 118 174 96 158 33 249 125 160 93 165 178 204 241 
81 34 134 249 226 36 156 243 236 21 61 44 154 221 41 4 60 216 53 152 100 126 237 213 175 131 125 61 253 42 8 230 199 117 8 44 65 39 60 220 177 115 95 204 155 160 252 47 59 58 48 150 109 140 57 74 217 242 173 204 64 48 12 158 234 82 91 161 223 202 9 99 244 171 158 176 200 92 103 141 138 32 145 126 12 122 90 154 207 96 254 202 89 234 55 110 191 193 223 225 65 89 168 159 156 196 62 25 90 71 77 19 11 170 179 39 30 27 9 46 61 124 116 110 121 227 16 176 
36 165 188 140 2 100 107 82 155 214 226 149 110 42 106 138 31 49 110 84 22 173 40 1 124 91 153 63 123 134 20 24 7 118 66 209 222 195 210 254 211 87 101 75 180 35 45 202 70 217 187 235 238 225 86 226 123 251 107 61 12 214 53 181 96 252 224 190 37 1 163 219 30 29 146 36 58 20 164 99 237 72 155 107 133 131 224 189 168 76 49 204 218 179 116 22 189 187 187 199 3 139 229 25 139 203 128 154 253 8 130 21 129 37 77 237 169 4 93 60 15 190 32 207 234 250 235 156 
136 202 120 166 193 74 68 115 236 21 46 120 26 97 134 160 193 27 53 102 92 122 16 162 35 80 187 55 168 86 32 106 121 44 248 82 60 249 79 140 151 71 237 187 40 180 93 135 26 67 108 244 236 49 187 103 183 145 58 220 3 227 145 91 153 119 20 128 21 43 9 42 151 82 90 87 246 181 174 146 229 38 24 155 194 221 5 102 202 57 37 86 173 152 108 114 19 20 197 83 10 41 89 78 201 200 87 73 8 121 41 6 197 177 35 236 225 124 214 149 86 204 8 9 246 31 87 135 
205 206 213 202 112 250 162 126 138 229 186 111 165 156 24 96 186 90 122 57 192 45 45 52 68 223 200 36 104 141 130 131 129 151 149 67 242 186 142 102 37 21 105 22 127 247 53 106 218 119 203 230 230 123 225 171 9 71 222 137 190 185 99 166 10 187 6 50 237 236 139 29 172 98 65 134 241 190 65 232 147 193 131 50 152 225 251 156 56 170 15 63 59 193 179 201 175 15 30 242 85 48 222 217 237 162 181 227 17 106 109 228 253 18 167 52 102 123 60 210 158 144 8 124 212 52 152 3 
159 61 161 186 229 42 250 147 167 62 57 189 64 188 40 135 109 163 234 176 194 88 164 13 23 51 79 203 210 152 234 102 155 193 237 81 141 137 235 154 219 75 237 17 29 192 69 248 166 215 179 196 168 156 102 237 4 238 34 78 15 118 23 222 171 214 33 192 90 209 189 36 231 71 185 159 201 243 108 208 161 208 212 186 218 234 14 117 238 25 106 75 243 132 237 35 58 220 154 52 225 194 110 58 141 45 196 161 209 144 35 129 213 216 70 39 138 70 69 21 225 26 100 104 179 169 238 80 
139 142 27 175 155 52 108 41 141 136 116 52 245 212 11 123 108 83 65 7 1 205 21 128 1 159 68 74 38 26 215 187 218 57 117 79 61 169 98 226 215 94 162 95 49 232 186 167 252 99 39 230 58 96 244 208 162 175 131 46 188 106 252 26 194 60 10 36 68 161 85 124 212 146 146 232 126 117 46 219 149 193 44 24 253 137 243 34 95 97 115 150 140 182 197 106 5 20 209 16 107 242 67 61 206 66 101 226 181 72 143 185 166 69 121 125 76 229 164 128 230 110 77 88 14 47 72 124 
132 247 70 209 146 135 40 8 221 163 45 90 251 138 35 18 75 223 65 189 119 203 37 252 59 156 199 56 205 19 210 194 177 170 154 30 104 236 216 38 133 16 239 78 4 103 238 86 217 6 250 236 233 105 113 161 251 62 249 171 217 14 93 31 78 144 151 220 186 180 218 81 57 225 231 240 81 157 11 89 40 69 48 19 144 12 32 9 250 179 219 223 18 202 226 22 145 61 9 15 230 169 24 52 74 237 103 40 53 95 152 3 35 107 89 210 194 249 226 249 88 207 64 145 153 201 132 47 
178 1 113 16 18 131 227 229 79 105 65 154 100 207 124 83 50 231 233 96 21 99 84 45 235 87 58 227 172 164 211 73 15 103 63 234 51 117 75 93 65 60 243 142 237 151 172 129 73 130 109 105 163 238 146 121 187 95 197 237 217 194 185 146 90 26 20 93 4 178 144 151 203 230 230 139 145 128 71 184 70 245 139 109 15 202 140 121 130 161 222 155 66 21 76 19 141 115 202 67 205 170 18 229 146 188 102 206 167 252 244 8 1 80 153 240 100 216 70 83 29 56 244 14 141 224 78 21 
228 10 185 33 83 106 250 101 232 49 34 235 29 83 169 240 45 40 162 104 116 39 22 129 101 16 86 114 1 27 60 19 212 68 36 173 228 59 102 146 75 226 173 251 207 5 72 59 244 30 55 114 249 160 20 58 23 235 184 106 4 66 223 84 109 25 226 9 132 232 29 192 110 121 117 108 136 124 173 134 95 12 180 89 177 169 51 224 117 159 254 180 108 14 254 46 186 154 231 24 166 22 163 102 34 84 110 205 125 152 226 211 159 215 46 216 243 17 169 231 131 142 206 186 88 164 4 107 
148 241 98 146 114 183 27 139 129 60 67 222 84 92 26 86 115 150 19 38 248 24 233 110 2 5 254 131 136 42 135 109 173 34 74 216 241 26 28 241 115 7 202 55 238 26 89 30 156 209 26 227 129 171 157 78 223 240 162 160 239 244 180 197 219 166 84 123 170 175 110 249 113 197 111 94 82 181 40 108 2 33 153 122 44 131 162 119 18 65 158 13 229 80 111 58 18 228 24 66 254 204 209 60 100 251 222 184 120 163 166 208 115 231 62 53 218 50 100 176 192 210 128 192 193 195 33 223 
167 252 149 5 121 198 149 152 58 253 220 56 207 187 182 233 194 204 150 11 99 75 69 159 193 53 18 123 155 169 60 182 81 93 117 140 75 44 189 76 68 175 210 115 170 202 189 64 119 180 203 225 173 99 229 200 231 86 149 196 160 122 98 134 5 54 49 247 42 99 86 141 158 173 197 227 172 96 242 136 54 154 227 10 224 9 149 171 167 241 152 232 154 93 78 61 157 227 177 169 231 138 38 89 145 43 201 113 41 219 115 209 136 38 117 49 1 117 8 247 237 134 158 240 226 1 81 178 
131 204 212 221 226 41 52 46 113 93 177 26 208 48 249 214 198 198 184 12 1 55 227 49 139 175 53 224 69 128 1 152 90 102 140 175 52 61 220 218 146 133 124 165 167 72 2 171 22 13 186 180 148 75 176 207 71 177 47 48 144 181 16 254 52 7 225 190 243 174 59 26 141 111 137 243 168 248 65 200 106 78 43 251 238 57 59 195 81 242 14 240 97 49 199 67 168 28 75 204 88 185 111 124 205 25 17 73 216 206 150 193 5 188 51 179 47 116 205 150 145 29 187 225 67 245 199 93 
81 81 117 245 245 251 130 75 126 144 43 234 220 184 103 200 71 1 44 62 220 58 20 183 101 94 135 200 50 87 130 64 140 200 221 175 118 36 16 236 84 216 49 138 48 175 37 100 85 224 67 142 103 226 191 133 84 146 20 34 148 243 9 131 17 168 59 188 248 186 203 128 208 44 90 77 19 186 219 84 61 166 14 139 245 9 194 20 236 33 30 42 244 73 241 226 202 44 172 182 58 85 16 218 136 108 43 195 117 95 20 142 198 4 123 10 208 66 39 100 159 183 69 192 67 245 32 116 
207 205 18 134 24 30 223 118 190 179 218 35 205 220 95 21 90 191 99 229 32 160 47 1 206 28 234 134 243 125 189 109 21 75 119 56 87 35 87 216 224 201 123 37 35 114 36 194 122 96 42 125 215 131 224 253 97 55 134 241 171 5 127 233 232 15 236 221 139 39 172 202 47 171 234 13 163 140 111 6 79 233 40 66 87 89 138 3 121 206 57 68 164 8 42 64 181 104 155 76 24 191 84 197 208 216 154 104 182 193 95 44 26 5 20 32 182 219 139 242 88 30 136 229 44 4 197 168 
169 140 253 26 128 45 87 165 219 220 129 184 51 97 179 63 225 171 70 60 141 176 55 85 222 38 114 12 58 179 173 118 151 144 234 126 188 76 56 166 180 110 96 18 240 12 3 157 31 238 229 3 60 169 192 153 160 79 112 16 63 228 231 134 205 176 220 99 11 78 122 162 51 223 63 216 230 214 252 86 100 67 39 225 167 79 44 71 233 233 134 184 139 253 124 98 78 214 18 234 101 173 190 190 219 220 153 200 124 101 64 142 143 129 59 1 49 55 105 175 39 233 21 91 237 158 140 159 
144 197 39 215 133 134 243 190 239 76 151 92 40 147 188 131 242 223 203 198 198 230 17 42 115 227 215 230 102 203 86 184 16 155 205 123 135 3 136 29 213 233 67 87 182 100 223 161 55 137 165 9 4 149 4 230 185 246 130 212 143 230 249 188 198 159 39 51 44 49 70 209 252 26 55 47 148 138 31 242 52 86 77 173 174 75 131 159 68 204 99 175 146 12 180 7 202 29 12 62 196 129 249 24 74 225 232 105 152 106 58 96 240 47 170 87 106 7 4 66 156 177 69 210 57 86 95 157 
86 69 203 186 186 35 74 170 249 197 224 208 166 42 171 70 248 40 154 73 212 74 244 131 244 134 177 41 181 208 76 122 212 170 85 67 112 236 1 96 155 253 101 200 221 184 201 177 248 102 112 37 68 213 228 38 9 143 237 71 50 132 143 218 237 61 61 206 118 98 139 205 200 168 218 40 31 240 73 5 74 162 169 207 183 183 231 123 240 222 47 94 136 2 120 158 194 169 11 62 40 243 162 84 135 103 8 140 49 35 9 89 204 226 253 103 212 94 66 67 228 81 172 171 158 38 222 110 
207 232 53 133 51 135 84 27 125 252 168 28 108 2 96 140 82 170 160 161 203 245 141 230 19 85 138 101 177 8 209 46 251 29 79 71 113 248 98 53 227 230 82 134 168 95 228 87 250 146 244 133 91 133 96 157 85 185 73 3 125 142 192 44 143 141 14 200 238 49 65 237 69 49 207 64 228 180 74 132 175 73 62 213 81 15 47 221 232 195 23 140 110 119 29 78 35 130 30 43 209 126 142 198 191 156 191 3 249 177 228 181 76 63 148 76 177 252 52 42 44 171 69 63 249 56 85 239 
20 147 194 195 252 253 158 225 121 245 191 89 30 152 131 48 173 117 12 71 61 132 174 4 83 234 237 87 55 197 217 127 83 229 218 135 81 225 167 139 42 58 84 198 218 114 47 10 17 45 38 186 16 12 86 20 121 236 113 139 64 167 234 231 141 194 55 214 194 16 230 175 105 150 149 145 132 64 22 145 79 78 230 26 139 219 80 20 119 16 235 110 42 64 14 101 18 208 190 213 88 135 165 134 219 108 8 132 16 129 72 41 238 138 233 52 92 79 207 35 118 69 156 206 108 27 116 120 
15 68 72 228 241 61 244 165 30 34 50 231 140 98 23 157 109 127 219 177 10 235 24 80 188 247 171 63 178 183 33 229 67 196 144 223 107 40 187 254 22 122 99 32 218 38 131 16 113 99 251 222 218 114 195 219 52 34 176 36 116 189 171 134 156 86 210 139 159 8 111 160 47 116 137 168 38 77 243 79 99 178 230 79 49 198 2 20 73 68 237 177 166 79 95 225 198 142 216 170 26 139 5 15 249 35 201 248 176 133 220 219 34 61 227 143 99 31 160 131 76 15 159 123 194 81 161 104 
225 51 135 253 194 174 71 232 76 183 212 23 250 166 101 191 6 21 56 250 71 162 91 174 93 165 247 189 83 204 185 173 235 89 111 61 117 178 74 248 56 233 51 70 193 134 216 150 41 13 25 31 65 6 227 193 14 176 141 64 13 109 199 40 39 154 234 77 84 114 215 50 135 235 219 28 252 133 74 55 100 168 170 134 85 196 234 75 97 175 246 151 43 28 58 73 234 175 119 9 224 1 1 57 8 98 45 75 41 28 22 245 155 92 211 14 69 5 101 43 67 77 251 101 28 71 195 145 
76 127 158 213 212 158 147 117 184 163 185 253 148 37 127 117 158 105 84 13 5 143 165 228 5 24 218 1 22 127 134 120 24 17 84 161 239 240 25 187 93 188 98 113 177 122 57 26 215 40 19 130 108 153 110 187 119 119 170 123 111 111 231 26 217 224 228 242 147 137 22 174 172 232 149 70 36 142 191 166 171 160 226 70 30 84 242 16 3 21 170 224 52 86 225 237 93 61 162 247 221 139 156 143 114 197 252 208 219 95 148 249 188 168 249 65 254 160 148 12 230 225 8 188 154 122 115 246 
169 154 92 76 43 86 214 197 163 82 155 219 142 41 221 143 168 76 67 95 110 48 106 220 244 244 226 203 36 215 121 150 113 164 38 253 207 93 228 101 217 67 16 210 21 103 15 219 76 238 49 212 215 149 41 225 175 82 34 118 225 66 251 155 232 238 26 241 239 9 120 210 154 236 142 142 184 18 118 161 184 152 160 89 145 125 195 228 167 46 175 96 49 124 217 24 164 178 112 103 29 133 174 145 100 59 190 71 241 146 98 182 212 76 236 120 66 38 128 160 34 72 25 112 178 71 196 40 
254 57 99 213 226 133 99 92 87 170 118 115 106 90 23 138 224 218 99 8 177 240 230 85 160 41 230 133 115 10 91 168 223 222 114 225 110 155 190 71 224 211 112 251 91 117 40 122 29 196 224 202 214 121 146 7 179 193 26 145 200 161 248 58 75 102 65 130 236 244 224 16 132 146 53 91 153 59 8 218 174 93 177 72 127 158 8 93 225 184 74 73 232 169 184 92 6 120 175 194 40 94 238 191 82 61 75 19 94 245 116 205 95 36 182 227 119 105 177 182 186 140 120 1 21 65 36 180 
26 148 33 158 18 2 112 126 189 150 117 237 142 71 52 59 8 121 125 46 218 126 58 30 191 145 144 42 127 184 150 167 157 84 173 242 113 207 142 81 128 170 147 216 128 21 238 98 184 51 78 225 161 202 205 227 167 171 124 112 186 88 211 176 21 142 8 140 220 13 14 215 2 78 232 253 243 217 221 220 74 51 152 2 55 244 5 197 16 17 158 31 6 145 63 176 19 182 66 79 153 10 191 230 246 180 26 240 78 172 92 41 164 179 238 215 137 3 163 2 11 133 63 100 112 93 194 97 
27 48 172 16 146 129 155 144 42 117 92 198 55 88 218 37 144 157 30 12 132 120 33 75 21 163 90 64 94 73 20 101 156 142 184 48 105 105 80 38 145 93 62 161 79 181 89 160 234 49 107 161 19 12 79 177 227 83 52 12 180 61 210 165 253 228 55 122 243 55 123 96 191 7 1 94 155 83 4 129 127 158 248 59 243 110 84 150 92 86 38 214 177 213 154 40 17 231 64 236 143 126 104 149 35 185 53 44 181 8 37 42 8 124 69 69 130 224 85 20 152 187 35 213 82 166 70 179 
21 166 149 244 244 178 23 100 98 85 11 191 216 87 146 215 69 163 88 174 75 61 65 116 176 141 162 189 48 55 96 220 43 87 22 36 171 13 56 187 198 240 231 221 4 159 60 196 87 129 41 224 160 138 36 40 249 204 227 113 52 5 183 75 74 17 245 91 64 74 92 134 203 118 178 203 165 72 209 68 226 40 150 120 215 211 51 204 81 4 201 45 22 109 38 158 35 226 198 69 249 23 249 181 22 223 152 171 45 73 101 62 205 146 121 76 109 120 127 206 103 23 236 1 93 251 245 38 
9 142 24 171 184 194 214 10 136 217 248 229 63 232 131 166 122 173 89 177 217 158 75 16 115 124 154 231 233 253 72 245 244 93 4 174 5 126 29 72 193 183 88 54 28 199 108 99 203 221 11 17 183 99 42 62 35 37 104 239 112 92 67 146 14 247 182 150 121 142 166 211 205 43 40 69 141 130 174 67 242 91 251 223 135 176 112 14 54 246 5 198 232 184 17 175 106 43 253 25 91 13 230 69 201 86 185 225 142 151 90 179 176 54 61 80 177 28 68 55 192 227 161 190 41 100 123 217 
96 221 67 146 217 34 54 174 56 218 161 145 153 228 245 252 75 131 189 41 212 221 23 191 254 97 40 15 128 138 33 21 107 247 229 126 252 136 12 208 80 230 180 249 210 187 238 67 8 126 98 56 25 144 64 93 33 37 213 148 32 199 83 156 226 34 213 148 42 131 63 20 152 116 52 64 248 233 6 238 24 123 155 49 3 103 126 149 246 190 142 223 189 254 141 22 229 150 220 19 74 149 189 139 106 215 108 248 164 106 78 233 227 98 159 170 88 149 121 137 247 36 169 155 127 148 167 178 
231 236 6 74 238 153 161 55 70 243 162 254 121 215 3 163 209 219 226 6 223 44 164 213 123 214 254 175 13 142 226 158 117 161 207 39 189 217 247 119 11 29 187 19 72 106 70 204 160 125 218 195 94 183 110 133 193 87 159 18 246 149 228 124 113 59 48 233 77 207 59 110 145 234 24 94 74 52 142 61 208 156 43 11 111 138 118 142 33 73 27 130 142 222 68 60 62 46 31 139 210 105 160 6 42 67 134 226 141 152 212 168 218 198 56 147 236 146 235 46 190 190 125 47 144 117 7 182 
169 182 233 212 138 223 204 59 98 16 52 217 76 140 139 186 114 178 224 201 36 195 71 19 55 29 134 238 217 235 192 131 81 40 49 35 170 231 167 173 53 89 169 167 84 13 190 193 100 240 11 250 66 90 48 81 95 39 17 151 50 254 118 180 100 91 240 234 239 237 17 202 44 130 77 91 9 161 22 183 145 65 75 193 53 202 54 183 122 150 48 201 201 113 29 187 187 26 248 23 76 25 239 73 24 137 36 247 44 23 134 146 132 212 168 166 78 107 65 67 168 99 177 11 20 150 85 138 
175 88 90 109 97 39 135 5 128 47 21 183 4 141 10 241 190 46 27 244 237 106 70 115 76 30 214 111 30 136 62 98 143 252 176 80 115 233 52 93 173 89 33 72 34 160 63 143 227 91 22 73 161 135 114 78 156 209 253 161 48 158 181 132 35 217 128 152 57 147 50 49 105 2 40 52 19 126 77 49 24 223 142 131 38 172 90 186 132 130 92 172 91 208 24 85 4 65 193 177 4 64 249 211 188 59 153 227 104 101 98 222 72 40 37 33 205 221 112 79 42 126 83 230 227 180 127 65 
137 61 84 124 49 23 165 97 112 109 5 67 232 240 43 133 215 203 191 187 235 3 254 208 133 28 60 138 238 51 34 162 115 160 133 53 246 130 93 124 190 74 39 174 237 161 133 87 133 1 82 23 131 56 168 15 145 171 252 19 174 229 31 194 181 81 247 70 74 144 246 180 112 44 76 170 12 130 207 61 9 77 150 4 243 241 242 133 150 33 62 210 149 195 167 174 158 66 144 163 22 79 111 1 57 246 100 135 194 174 16 182 54 155 133 124 154 97 97 215 204 142 197 103 239 141 197 36 
16 198 126 69 204 181 83 113 31 40 222 237 125 145 227 229 192 43 114 116 195 181 123 240 73 28 194 67 219 48 234 166 93 75 90 71 228 248 228 232 91 8 6 132 8 45 118 230 178 98 12 218 89 222 187 104 71 189 156 111 160 150 234 113 218 106 200 221 246 201 117 230 163 240 118 71 21 227 166 207 174 144 128 165 17 130 61 147 88 194 62 164 32 250 154 81 203 27 147 64 1 237 100 230 228 142 225 87 236 154 97 9 252 10 148 94 150 241 233 229 116 181 78 155 20 203 13 20 
39 187 80 175 226 235 43 237 240 137 67 66 111 72 81 124 136 234 50 20 244 108 108 115 80 226 223 149 55 20 59 75 119 207 140 50 135 7 140 133 220 187 148 13 250 202 108 240 70 154 118 87 173 36 77 34 213 108 74 222 44 227 203 229 44 109 72 113 196 253 217 211 161 223 203 74 72 214 147 193 172 165 189 226 70 34 104 12 210 2 217 85 144 23 150 42 62 105 162 151 94 50 58 181 221 155 241 47 113 122 242 200 57 212 226 253 152 157 35 200 245 43 84 195 253 234 115 90 
111 117 23 199 141 183 150 92 238 33 6 69 131 204 216 199 18 230 77 106 245 92 167 161 55 196 8 66 77 87 226 64 98 166 46 169 144 46 210 13 24 109 126 101 191 50 134 240 222 23 61 141 182 55 214 126 6 10 192 124 62 132 209 247 37 96 151 57 32 35 32 145 147 149 158 151 15 5 186 26 68 119 214 25 168 244 239 162 121 65 24 45 165 188 70 5 18 113 169 112 141 81 200 71 196 123 35 50 114 36 114 113 106 252 220 191 200 172 24 163 185 221 20 34 241 103 50 145 
33 46 171 93 5 229 117 245 138 68 59 225 138 209 34 194 9 8 183 59 153 191 244 105 162 115 94 204 135 130 72 238 159 124 159 49 169 237 216 145 133 130 143 103 213 22 167 53 61 9 216 254 25 121 151 166 153 35 86 179 167 213 196 105 214 54 183 240 22 226 25 182 141 45 17 115 48 239 74 123 95 164 198 118 60 220 171 138 90 73 96 247 85 242 114 237 115 195 99 227 76 30 214 42 111 202 175 28 131 181 15 78 129 24 7 244 42 92 194 192 31 200 99 241 174 4 64 205 
26 37 16 203 225 26 215 1 36 198 149 82 39 197 65 29 162 147 47 8 95 218 32 94 97 55 249 121 193 246 111 220 205 90 87 128 63 139 153 234 61 159 182 189 148 159 249 106 127 126 139 82 61 72 81 67 177 145 227 144 238 164 250 206 35 113 88 115 19 21 206 95 34 104 24 188 231 47 80 138 156 98 161 111 187 200 226 163 253 190 161 126 239 98 13 39 149 71 57 3 13 9 2 50 212 31 27 36 42 86 98 60 139 97 109 217 26 133 202 66 200 127 159 188 123 194 7 216 
170 38 214 90 140 35 6 225 1 217 61 191 6 185 189 154 152 84 242 64 227 253 136 233 66 165 103 57 48 11 22 202 133 236 179 24 245 15 116 226 167 140 57 117 65 52 42 89 213 184 146 80 31 94 223 85 219 119 237 223 7 162 100 2 130 179 73 82 185 38 169 131 205 17 10 190 197 165 91 236 87 186 60 63 87 87 60 216 123 27 189 66 57 37 104 64 126 120 231 148 29 171 205 168 147 175 85 80 219 188 128 58 43 213 217 119 182 178 57 43 248 149 74 126 36 60 113 230 
122 86 169 137 178 215 93 165 205 57 182 206 163 43 60 223 193 122 170 105 210 38 20 44 19 95 118 29 33 108 60 211 24 76 230 81 21 35 106 205 131 124 113 180 186 196 150 230 155 98 32 153 236 223 176 113 60 29 51 196 251 31 161 145 56 10 93 240 1 140 88 128 2 207 92 99 67 251 208 246 47 13 38 70 41 102 200 126 27 106 15 85 92 118 100 199 138 75 195 197 47 246 44 99 21 188 96 212 60 165 121 220 172 35 242 121 161 50 60 53 118 85 28 200 40 20 81 17 
211 66 19 90 148 193 62 197 175 49 234 71 21 129 136 34 49 27 188 108 76 66 25 22 148 224 95 206 36 19 248 114 95 56 212 9 43 187 38 35 137 56 136 217 8 140 120 157 158 123 44 71 50 135 53 108 139 177 221 192 201 247 222 122 150 129 157 18 59 182 227 52 91 188 231 32 12 120 75 239 94 93 181 56 208 93 169 48 208 178 160 239 222 157 33 176 18 103 119 56 62 63 231 68 166 50 232 117 79 238 132 69 97 140 170 45 149 218 86 106 174 65 139 158 43 216 251 139 
191 58 118 240 114 161 157 27 62 17 39 54 190 103 81 32 196 76 77 127 182 214 247 85 19 50 46 44 134 94 158 126 116 194 57 21 152 108 74 221 7 103 240 38 92 167 150 201 162 246 57 13 156 230 228 7 37 246 149 70 78 21 7 249 58 185 226 76 179 39 81 41 210 225 29 135 67 8 247 174 211 73 104 77 208 160 88 39 57 1 165 89 208 138 81 73 19 41 228 65 191 73 89 85 233 182 242 78 203 57 208 228 193 202 87 34 59 173 197 64 163 167 45 209 3 18 122 96 
104 93 99 164 244 110 16 81 234 233 83 80 125 184 10 43 92 244 114 253 238 159 186 209 206 123 138 208 114 85 165 174 158 35 118 210 11 184 69 93 134 134 117 20 131 186 86 209 138 92 60 85 49 176 224 11 167 176 158 130 216 121 135 216 72 239 194 23 175 47 118 164 197 163 49 214 193 37 113 151 186 246 192 199 27 76 162 232 114 177 134 230 196 112 56 253 57 42 109 218 159 30 243 80 100 194 72 173 73 243 175 90 106 218 196 16 15 23 6 146 214 222 200 238 8 220 4 231 
88 28 239 143 153 93 11 186 148 127 68 208 209 210 246 106 146 130 167 227 53 237 100 171 34 140 215 231 113 214 201 91 63 98 148 87 122 139 129 136 26 96 120 70 180 208 70 41 119 234 49 218 89 60 201 11 193 122 75 6 51 196 82 137 198 75 243 81 14 249 36 220 210 153 34 122 36 234 143 39 110 37 94 168 208 44 143 163 19 132 168 30 241 163 78 45 118 129 80 48 67 40 136 211 173 174 38 224 192 249 107 242 215 48 7 231 82 37 11 86 227 68 209 230 169 131 33 224 
101 179 111 153 186 80 145 13 151 201 92 92 232 2 99 172 202 114 98 113 76 72 121 186 183 43 125 97 47 78 144 249 62 156 117 84 54 137 65 75 64 105 186 228 175 59 239 122 172 232 67 54 29 252 137 28 17 181 194 71 235 36 242 146 100 115 234 61 121 166 165 200 190 72 87 148 19 85 222 53 57 197 165 139 87 64 172 150 243 132 82 31 192 159 251 10 136 1 157 137 157 215 221 191 207 5 16 187 235 149 210 171 156 180 3 79 91 138 166 211 153 203 224 185 18 106 195 189 
171 80 142 145 127 49 217 156 188 53 34 169 15 181 246 35 112 103 63 58 33 10 57 162 123 214 143 115 226 7 147 107 112 134 201 234 41 73 148 119 111 37 246 166 106 126 110 55 145 136 188 211 163 217 142 248 169 122 198 194 148 47 6 133 252 122 72 12 137 230 145 67 246 33 120 164 173 116 185 157 104 167 155 78 125 211 147 218 228 11 116 215 225 66 191 134 153 65 133 222 168 178 243 39 96 243 169 218 80 62 170 1 172 85 196 92 26 133 240 119 247 32 222 60 44 63 241 29 
122 65 233 24 3 206 77 6 176 115 78 178 183 18 22 37 37 5 188 232 213 249 134 222 112 139 16 106 91 197 157 53 118 198 133 139 107 124 162 91 125 17 231 165 108 158 126 17 105 233 78 196 125 201 95 117 4 61 122 182 126 106 189 41 184 204 31 121 239 121 204 156 133 158 119 97 1 187 31 175 92 114 71 54 196 67 168 161 38 110 121 131 41 165 88 186 26 239 187 159 196 19 71 69 1 154 118 14 140 62 122 227 216 152 215 16 151 247 135 143 45 178 233 12 181 39 134 198 
50 196 146 105 233 60 251 128 86 77 223 120 127 23 218 172 16 88 192 48 23 133 23 208 134 164 41 223 29 74 227 145 20 179 110 238 180 88 39 187 250 22 251 2 167 244 98 115 114 76 126 54 4 218 47 160 199 61 159 210 78 182 107 246 152 176 55 189 100 217 23 35 1 22 70 96 146 26 16 160 157 159 18 251 152 148 241 71 90 197 94 119 132 83 202 49 54 51 240 230 128 233 213 81 31 186 140 159 151 121 160 107 203 93 32 50 18 94 176 15 82 100 187 131 184 117 215 173 
54 247 33 19 148 44 17 173 213 136 66 183 225 210 209 168 226 171 245 108 23 14 105 206 17 244 116 36 5 186 242 191 107 104 82 206 89 88 110 183 196 203 95 97 203 147 22 177 72 200 95 73 129 48 14 137 226 208 107 107 56 227 203 32 94 140 46 167 183 82 122 192 148 2 45 2 184 90 140 183 144 218 21 220 70 90 24 111 106 65 15 21 196 85 74 233 168 22 218 161 156 60 89 127 220 27 187 79 165 20 225 6 241 4 110 8 20 62 226 22 76 45 12 35 157 8 216 98 
35 94 166 181 56 214 178 74 159 68 247 18 168 207 73 109 220 231 74 218 37 49 156 196 154 114 45 213 76 82 5 192 27 179 76 64 76 40 58 172 224 25 149 187 217 179 176 123 89 4 92 204 125 63 121 244 50 239 172 242 42 251 81 53 254 61 87 121 138 86 200 38 158 245 145 164 67 90 245 62 107 94 163 167 36 166 145 78 44 134 34 39 243 245 180 151 172 177 131 249 96 167 132 193 10 25 203 210 160 96 62 230 78 198 184 45 226 111 35 78 151 34 119 235 197 41 54 28 
7 169 86 58 174 17 215 226 137 18 24 125 202 187 91 89 140 55 47 226 178 37 149 208 224 211 122 115 23 201 147 53 23 235 106 19 135 28 167 63 145 159 229 19 28 166 182 38 234 72 110 140 240 203 82 222 254 103 35 225 148 175 141 15 125 19 43 230 169 212 126 85 191 225 57 231 227 249 196 38 162 124 14 57 124 126 180 91 122 175 46 11 91 222 159 32 216 170 8 113 25 244 37 1 226 157 164 215 21 30 161 24 107 199 146 19 228 223 177 236 223 51 5 80 173 174 245 148 
